1 0.9225072793750903 -0.11443643706581902 -0.33943782623263624 -0.14375856530727768 0.12845507264137268 -0.08867018669843674 0.0393783263862133 1 img1.jpeg

2 0.941237881748364 0.12075160446218455 -0.18733327207184977 -0.25376465171929397 0.10161586850881577 0.027583690360188484 0.0561150424182415 2 img2.jpeg

3 0.9999553551244807 0.002995936075595755 0.008068746693502778 0.0038944191178699435 0.0 0.0 0.0 3 img3.jpeg

4 0.9632745561575987 0.005784371739304087 -0.23549576901662322 -0.12888147141640843 0.12436700612306595 -0.019165031611919403 0.03489021584391594 4 img4.jpeg

5 0.8478192467145126 0.0008164694830667023 -0.46177945491579137 -0.26069458967435283 0.2168426811695099 -0.06565530598163605 0.1294880360364914 5 img5.jpeg

6 0.717605695781462 0.013742972736837857 -0.6027172013081026 -0.3486906338684624 0.2430100440979004 -0.12026159465312958 0.20265820622444153 6 img6.jpeg

