1 0.9802889716085562 0.19328940316657225 -0.02620674493698006 0.03139995988090014 0.023525848984718323 0.0995321050286293 -0.015342915430665016 1 20240307-16h38m09s_00234LRL.JPG

2 0.9998152681429114 -0.007273042238649138 0.008058971289339956 -0.015862101983718097 0.0 0.0 0.0 2 20240307-16h38m09s_00286LRL.JPG

3 0.9567625953237983 -0.0022619875167854265 0.23860398611797015 0.16633800469542767 -0.04156769439578056 -0.012441469356417656 -0.009390800260007381 3 20240307-16h38m09s_00313LRL.JPG

4 0.3275908890735556 -0.12338172617924928 0.5158315557873855 0.7819073248279116 -0.09519078582525253 -0.33412742614746094 0.46104294061660767 4 20240307-16h38m09s_00377LRL.JPG

5 0.9783050249565131 0.20653908619054084 0.005921524712974147 -0.015028363801791563 0.02947957254946232 0.09009697288274765 -0.004698386415839195 5 20240307-16h38m09s_00596LRL.JPG

6 0.3895624308000302 -0.11763940454580607 0.5259286846332132 0.7468607714626453 -0.09076392650604248 -0.2528948187828064 0.39260026812553406 6 20240307-16h38m09s_00757LRL.JPG

7 0.9968342440892852 0.07943077520520804 -0.00024369175545224935 -0.0034925748839533073 0.031880781054496765 0.03093891590833664 -0.023215610533952713 7 20240307-16h38m09s_00878LRL.JPG

8 0.9745484602550548 0.05940124003313026 0.19233956298550234 0.09865209670154301 -0.03155059367418289 0.02804788574576378 -0.012560813687741756 8 20240307-16h38m09s_00968LRL.JPG

